% Monthly averaged 2data for station ALT       
%
% /data/instrument/database_active/curves/altc.mon                                                
%
% Date   - Date of measurement
% Value  - Averaged measured concentration, ppm
%          Zero value indicates no data available
% SsnDtr - Averaged measured value with fitted seasonal cycle removed
% Fit    - Average determined from curve fit
% FitDtr - Average from curve fit with seasonal cycle removed
% Num    - Number of averages used in the monthly mean calculation
%
%    Date      Value     SsnDtr        Fit     FitDtr  Num
1989.0384     0.0000     0.0000   359.2980   355.4081    0
1989.1233     0.0000     0.0000   360.0110   355.4743    0
1989.2000     0.0000     0.0000   360.5668   355.5340    0
1989.2849     0.0000     0.0000   360.7729   355.6002    0
1989.3671     0.0000     0.0000   360.9841   355.6642    0
1989.4521     0.0000     0.0000   358.8733   355.7303    0
1989.5342     0.0000     0.0000   352.1785   355.7943    0
1989.6192     0.0000     0.0000   345.8014   355.8605    0
1989.7041     0.0000     0.0000   346.1544   355.9266    0
1989.7863     0.0000     0.0000   350.7427   355.9906    0
1989.8712   354.2649   354.7835   355.5381   356.0567    1
1989.9534   359.9452   357.3823   358.6836   356.1207    1
1990.0384     0.0000     0.0000   360.0765   356.1866    0
1990.1233     0.0000     0.0000   360.7889   356.2522    0
1990.2000     0.0000     0.0000   361.3441   356.3113    0
1990.2849     0.0000     0.0000   361.5490   356.3763    0
1990.3671     0.0000     0.0000   361.7589   356.4390    0
1990.4521     0.0000     0.0000   359.6463   356.5034    0
1990.5342     0.0000     0.0000   352.9496   356.5654    0
1990.6192     0.0000     0.0000   346.5702   356.6292    0
1990.7041     0.0000     0.0000   346.9205   356.6927    0
1990.7863     0.0000     0.0000   351.5058   356.7538    0
1990.8712     0.0000     0.0000   356.2980   356.8166    0
1990.9534     0.0000     0.0000   359.4398   356.8770    0
1991.0384     0.0000     0.0000   360.8289   356.9390    0
1991.1233     0.0000     0.0000   361.5374   357.0007    0
1991.2000     0.0000     0.0000   362.0889   357.0561    0
1991.2849   361.3047   356.1320   362.2898   357.1171    1
1991.3671   361.5606   356.2406   362.4957   357.1757    2
1991.4521   360.1091   356.9662   360.3782   357.2352    1
1991.5342   353.9588   357.5746   353.6746   357.2904    2
1991.6192   347.6708   357.7298   347.2841   357.3431    3
1991.7041   348.8473   358.6195   347.6179   357.3901    1
1991.7863   352.2360   357.4839   352.1812   357.4291    1
1991.8712   357.4145   357.9331   356.9439   357.4625    2
1991.9534   360.9170   358.3541   360.0509   357.4880    2
1992.0383   360.3500   356.4611   361.3967   357.5078    1
1992.1230   361.9759   357.4419   362.0558   357.5218    2
1992.2022   362.6341   357.5933   362.5718   357.5310    2
1992.2869   362.5755   357.3993   362.7141   357.5378    2
1992.3689   362.9150   357.6007   362.8563   357.5421    2
1992.4536   361.7351   358.6769   360.6030   357.5448    2
1992.5355   353.9508   357.6892   353.8083   357.5467    2
1992.6202   347.2100   357.3104   347.4492   357.5496    3
1992.7049   347.7134   357.4529   347.8162   357.5557    2
1992.7869   351.4837   356.6962   352.3541   357.5666    2
1992.8716   357.3057   357.8074   357.0830   357.5847    3
1992.9536   360.3488   357.7826   360.1760   357.6099    2
1993.0384   360.3626   356.4727   361.5338   357.6440    1
1993.1233   361.6761   357.1394   362.2238   357.6871    2
1993.2000   362.1125   357.0797   362.7669   357.7341    2
1993.2849   363.4182   358.2455   362.9676   357.7949    3
1993.3671   363.1452   357.8253   363.1818   357.8619    2
1993.4521   360.8521   357.7091   361.0823   357.9394    2
1993.5342   354.2448   357.8607   354.4065   358.0223    2
1993.6192   348.4921   358.5512   348.0571   358.1162    4
1993.7041   348.7226   358.4948   348.4463   358.2185    2
1993.7863   353.2534   358.5013   353.0780   358.3259    3
1993.8712   356.6780   357.1966   357.9278   358.4464    2
1993.9534   359.5722   357.0094   361.1358   358.5730    2
1994.0384   362.6882   358.7984   362.6037   358.7138    2
1994.1233   363.0958   358.5591   363.3997   358.8630    2
1994.2000   364.8860   359.8532   364.0359   359.0031    2
1994.2849   364.5648   359.3921   364.3349   359.1622    3
1994.3671   364.2869   358.9669   364.6390   359.3190    2
1994.4521   362.4829   359.3399   362.6259   359.4830    2
1994.5342   356.6895   360.3053   356.0264   359.6422    2
1994.6192   350.4489   360.5080   349.7467   359.8058    3
1994.7041   350.5836   360.3558   350.1956   359.9678    3
1994.7863   355.4532   360.7012   354.8756   360.1236    2
1994.8712   359.4716   359.9902   359.7662   360.2848    2
1994.9534   362.9816   360.4188   363.0053   360.4424    3
1995.0384   363.6273   359.7374   364.4986   360.6087    2
1995.1233   364.8620   360.3253   365.3165   360.7798    2
1995.2000   365.4337   360.4009   365.9715   360.9387    1
1995.2849   366.7003   361.5276   366.2923   361.1196    2
1995.3671   365.6151   360.2951   366.6191   361.2991    2
1995.4521   364.1254   360.9824   364.6318   361.4889    3
1995.5342   358.2488   361.8646   358.0593   361.6752    2
1995.6192   352.4264   362.4855   351.8092   361.8683    2
1995.7041   353.0327   362.8049   352.2880   362.0602    3
1995.7863   356.7184   361.9664   356.9957   362.2436    2
1995.8712   362.3797   362.8983   361.9119   362.4305    2
1995.9534   365.0046   362.4417   365.1717   362.6089    2
1996.0383   366.2274   362.3385   366.6796   362.7906    2
1996.1230   365.8510   361.3170   367.5039   362.9698    2
1996.2022   367.5575   362.5167   368.1759   363.1352    2
1996.2869   367.6041   362.4278   368.4839   363.3076    2
1996.3689   367.9221   362.6078   368.7814   363.4671    2
1996.4536   367.6898   364.6316   366.6783   363.6201    3
1996.5355   363.7076   367.4460   360.0137   363.7521    2
1996.6202   355.5689   365.6694   353.7679   363.8683    4
1996.7049   354.2535   363.9931   354.2250   363.9646    3
1996.7869   359.2421   364.4546   358.8305   364.0430    2
1996.8716   363.4578   363.9595   363.6127   364.1144    3
1996.9536   364.8582   362.2921   366.7458   364.1797    2
1997.0384   368.3904   364.5005   368.1385   364.2487    2
1997.1233   368.3349   363.7982   368.8599   364.3232    2
1997.2000   368.5094   363.4766   369.4310   364.3982    2
1997.2849   368.2435   363.0708   369.6656   364.4928    2
1997.3671   369.1170   363.7970   369.9177   364.5978    3
1997.4521   367.2320   364.0890   367.8633   364.7203    2
1997.5342   361.1978   364.8137   361.2359   364.8517    1
1997.6192   355.4732   365.5323   354.9400   364.9991    2
1997.7041   356.0555   365.8277   355.3843   365.1565    3
1997.7863   361.7235   366.9715   360.0693   365.3172    1
1997.8712   364.1547   364.6733   364.9735   365.4921    2
1997.9534   368.0057   365.4429   368.2334   365.6706    2
1998.0384   368.7221   364.8323   369.7548   365.8649    2
1998.1233   370.5539   366.0172   370.6060   366.0693    2
1998.2000   371.0078   365.9750   371.2943   366.2615    2
1998.2849   370.3897   365.2170   371.6542   366.4815    1
1998.3671   371.5542   366.2342   372.0196   366.6997    2
1998.4521   369.0677   365.9248   370.0709   366.9280    2
1998.5342   364.4066   368.0224   363.5327   367.1486    2
1998.6192   357.4958   367.5549   357.3130   367.3721    2
1998.7041   359.2834   369.0557   357.8153   367.5875    3
1998.7863   362.7463   367.9942   362.5375   367.7854    2
1998.8712   368.3097   368.8283   367.4592   367.9778    3
1998.9534   370.4015   367.8386   370.7150   368.1522    1
1999.0384   371.9047   368.0148   372.2112   368.3214    2
1999.1233   373.3806   368.8439   373.0169   368.4802    2
1999.2000   373.3316   368.2988   373.6481   368.6153    2
1999.2849   374.2252   369.0524   373.9293   368.7566    1
1999.3671   374.2672   368.9473   374.2057   368.8857    2
1999.4521   372.4768   369.3338   372.1552   369.0123    2
1999.5342   365.4600   369.0758   365.5133   369.1292    3
1999.6192   359.2490   369.3081   359.1865   369.2456    3
1999.7041   359.5938   369.3660   359.5868   369.3590    1
1999.7863   363.8415   369.0894   364.2191   369.4671    2
1999.8712   369.1950   369.7136   369.0595   369.5781    2
1999.9534   372.3268   369.7640   372.2487   369.6858    2
2000.0383   372.6175   368.7285   373.6873   369.7983    2
2000.1230   374.9997   370.4657   374.4467   369.9127    2
2000.2022   374.8052   369.7644   375.0626   370.0218    3
2000.2869   375.0215   369.8452   375.3173   370.1410    2
2000.3689   375.6733   370.3590   375.5731   370.2588    2
2000.4536   373.6343   370.5761   373.4411   370.3829    2
2000.5355   366.2009   369.9393   366.7668   370.5052    2
2000.6202   360.9674   371.0678   360.5330   370.6334    2
2000.7049   361.4982   371.2377   361.0234   370.7629    3
2000.7869   366.2371   371.4496   365.6772   370.8897    2
2000.8716   370.0598   370.5615   370.5214   371.0231    2
2000.9536   373.0821   370.5160   373.7219   371.1558    2
2001.0384   375.4603   371.5705   375.1874   371.2976    2
2001.1233   375.4263   370.8896   375.9809   371.4443    2
2001.2000   376.2315   371.1987   376.6136   371.5807    3
2001.2849   377.2204   372.0476   376.9088   371.7361    2
2001.3671   377.4019   372.0819   377.2099   371.8899    2
2001.4521   374.7308   371.5878   375.1949   372.0519    2
2001.5342   368.4937   372.1095   368.5956   372.2114    1
2001.6192   362.3562   372.4153   362.3193   372.3784    2
2001.7041   363.0517   372.8239   362.7743   372.5465    3
2001.7863   367.8456   373.0935   367.4615   372.7094    2
2001.8712   374.3134   374.8320   372.3587   372.8773    2
2001.9534   374.6000   372.0371   375.6026   373.0397    2
2002.0384     0.0000     0.0000   377.0991   373.2093    0
2002.1233   377.0817   372.5450   377.9189   373.3822    2
2002.2000   378.4486   373.4158   378.5748   373.5419    2
2002.2849   378.7304   373.5577   378.8959   373.7232    2
2002.3671   378.7654   373.4455   379.2231   373.9032    2
2002.4521   376.6420   373.4991   377.2366   374.0936    2
2002.5342   371.6081   375.2239   370.6659   374.2818    2
2002.6192   364.0866   374.1457   364.4199   374.4790    3
2002.7041   365.7077   375.4799   364.9062   374.6785    2
2002.7863   369.4851   374.7330   369.6251   374.8730    2
2002.8712   373.3899   373.9085   374.5569   375.0756    2
2002.9534   379.4238   376.8610   377.8356   375.2728    2
2003.0384   378.8197   374.9299   379.3670   375.4771    3
2003.1233   380.1209   375.5842   380.2183   375.6816    2
2003.2000   380.3740   375.3412   380.8990   375.8662    2
2003.2849   380.8721   375.6994   381.2426   376.0699    2
2003.3671   382.0301   376.7101   381.5851   376.2652    2
2003.4521   379.3443   376.2013   379.6063   376.4634    2
2003.5342   373.8151   377.4309   373.0346   376.6504    1
2003.6192   366.9865   377.0456   366.7783   376.8374    2
2003.7041   368.6487   378.4209   367.2445   377.0167    2
2003.7863   371.9355   377.1834   371.9345   377.1825    2
2003.8712   377.6425   378.1611   376.8276   377.3462    2
2003.9534   379.8505   377.2877   380.0611   377.4983    2
2004.0383   381.6599   377.7709   381.5394   377.6504    3
2004.1230   381.8308   377.2968   382.3330   377.7990    2
2004.2022   381.8599   376.8192   382.9770   377.9362    1
2004.2869   383.1789   378.0026   383.2584   378.0821    2
2004.3689   383.2873   377.9730   383.5374   378.2231    2
2004.4536   381.7354   378.6772   381.4271   378.3689    2
2004.5355   375.8915   379.6299   374.7722   378.5106    3
2004.6202   368.6229   378.7234   368.5584   378.6588    2
2004.7049   368.4375   378.1770   369.0716   378.8111    2
2004.7869   372.6679   377.8804   373.7526   378.9650    2
2004.8716   377.5747   378.0764   378.6308   379.1325    1
2004.9536   380.7915   378.2254   381.8694   379.3032    2
2005.0384   384.9001   381.0103   383.3783   379.4885    1
2005.1233   384.0047   379.4680   384.2183   379.6816    2
2005.2000   384.0428   379.0100   384.8947   379.8619    2
2005.2849   385.9075   380.7347   385.2398   380.0671    2
2005.3671   385.4018   380.0819   385.5901   380.2702    2
2005.4521   384.0530   380.9101   383.6265   380.4835    3
2005.5342   376.8020   380.4178   377.0766   380.6924    2
2005.6192   370.7501   380.8092   370.8509   380.9100    2
2005.7041   371.6274   381.3996   371.3565   381.1287    2
2005.7863   375.3263   380.5742   376.0925   381.3404    2
2005.8712   381.4355   381.9541   381.0399   381.5585    2
2005.9534   385.9024   383.3395   384.3307   381.7678    2
2006.0384   384.7340   380.8441   385.8718   381.9820    2
2006.1233   385.4589   380.9222   386.7314   382.1947    2
2006.2000   387.0426   382.0098   387.4180   382.3852    2
2006.2849   387.3726   382.1999   387.7656   382.5929    2
2006.3671   388.5172   383.1973   388.1082   382.7882    2
2006.4521   387.4673   384.3244   386.1242   382.9813    3
2006.5342     0.0000     0.0000   379.5417   383.1576    0
2006.6192   374.1758   384.2349   373.2690   383.3281    2
2006.7041   373.7598   383.5320   373.7148   383.4870    2
2006.7863   378.5086   383.7565   378.3827   383.6307    1
2006.8712   383.7932   384.3118   383.2513   383.7699    3
2006.9534   386.3162   383.7533   386.4596   383.8968    2
2007.0384   388.7234   384.8336   387.9114   384.0216    2
2007.1233   388.8369   384.3002   388.6789   384.1422    2
2007.2000   389.2707   384.2379   389.2831   384.2503    2
2007.2849   389.6339   384.4611   389.5450   384.3723    2
2007.3671   389.0546   383.7347   389.8158   384.4959    2
2007.4521   387.2981   384.1552   387.7753   384.6324    3
2007.5342   379.9250   383.5408   381.1593   384.7752    2
2007.6192   372.9640   383.0231   374.8763   384.9354    2
2007.7041   374.0490   383.8212   375.3367   385.1089    2
2007.7863   380.1290   385.3770   380.0395   385.2874    1
2007.8712   384.7495   385.2681   384.9606   385.4792    3
2007.9534   389.9155   387.3527   388.2308   385.6679    1
2008.0383   390.1682   386.2792   389.7508   385.8618    2
2008.1230   390.6304   386.0964   390.5852   386.0512    1
2008.2022   392.6614   387.6207   391.2630   386.2222    2
2008.2869   392.5195   387.3432   391.5727   386.3964    2
2008.3689   392.4633   387.1490   391.8700   386.5557    3
2008.4536   389.0759   386.0177   389.7691   386.7109    1
2008.5355   382.9320   386.6704   383.1145   386.8529    2
2008.6202   376.5394   386.6398   376.8914   386.9919    2
2008.7049     0.0000     0.0000   377.3840   387.1236    0
2008.7869   381.2892   386.5017   382.0319   387.2444    1
2008.8716   387.8229   388.3246   386.8607   387.3624    1
2008.9536   390.8227   388.2566   390.0360   387.4699    1
2009.0384   392.8147   388.9249   391.4644   387.5746    2
2009.1233   392.3425   387.8058   392.2104   387.6737    1
2009.2000   391.7946   386.7618   392.7929   387.7601    1
2009.2849   393.2594   388.0867   393.0271   387.8544    2
2009.3671   393.7960   388.4761   393.2662   387.9462    3
2009.4521   391.4684   388.3254   391.1871   388.0441    2
2009.5342   383.4445   387.0603   384.5288   388.1446    1
2009.6192   377.8389   387.8979   378.1987   388.2578    2
2009.7041   377.1069   386.8791   378.6113   388.3835    2
2009.7863   382.7577   388.0057   383.2711   388.5191    2
2009.8712   386.8078   387.3264   388.1559   388.6745    2
2009.9534     0.0000     0.0000   391.4025   388.8397    0
2010.0384     0.0000     0.0000   392.9141   389.0242    0
2010.1233   393.3456   388.8089   393.7580   389.2213    1
2010.2000   393.6854   388.6526   394.4413   389.4085    2
2010.2849   394.5456   389.3728   394.7969   389.6242    3
2010.3671   395.3817   390.0618   395.1584   389.8385    2
2010.4521   394.0046   390.8617   393.2055   390.0626    2
2010.5342   385.4987   389.1145   386.6635   390.2793    2
2010.6192   380.8879   390.9470   380.4414   390.5005    2
2010.7041   382.1965   391.9687   380.9431   390.7153    3
2010.7863   387.0409   392.2888   385.6667   390.9146    2
2010.8712   391.1690   391.6876   390.5922   391.1108    2
2010.9534   393.0339   390.4711   393.8546   391.2918    2
2011.0384   394.8828   390.9929   395.3610   391.4712    2
2011.1233   396.0577   391.5210   396.1804   391.6437    1
2011.2000   397.5605   392.5277   396.8268   391.7940    3
2011.2849   397.8302   392.6575   397.1275   391.9548    2
2011.3671   397.9101   392.5902   397.4260   392.1060    2
2011.4521   395.2289   392.0859   395.4031   392.2602    2
2011.5342   388.7599   392.3757   388.7941   392.4099    2
2011.6192   380.9160   390.9751   382.5088   392.5679    2
2011.7041   381.8746   391.6468   382.9595   392.7317    3
2011.7863   387.3478   392.5958   387.6482   392.8962    2
2011.8712   393.5012   394.0198   392.5529   393.0715    2
2011.9534   395.3724   392.8096   395.8077   393.2448    1
2012.0383   399.3303   395.4413   397.3155   393.4265    2
2012.1230   397.8857   393.3517   398.1448   393.6107    2
2012.2022   398.8190   393.7783   398.8276   393.7868    3
2012.2869   399.9679   394.7917   399.1566   393.9803    2
2012.3689   399.9707   394.6564   399.4885   394.1742    2
2012.4536   396.3877   393.3295   397.4416   394.3834    2
2012.5355   388.9145   392.6529   390.8587   394.5971    2
2012.6202   382.4344   392.5348   384.7308   394.8312    2
2012.7049   385.9014   395.6409   385.3385   395.0780    3
2012.7869   389.9710   395.1834   390.1137   395.3262    2
2012.8716   395.4991   396.0008   395.0878   395.5895    2
2012.9536   399.0564   396.4902   398.4146   395.8485    1
2013.0384   400.6215   396.7316   400.0084   396.1186    3
2013.1233   400.1209   395.5842   400.9265   396.3898    1
2013.2000   401.4602   396.4274   401.6673   396.6345    3
2013.2849   401.6602   396.4875   402.0768   396.9041    2
2013.3671   402.5381   397.2182   402.4825   397.1626    2
2013.4521   400.4994   397.3565   400.5681   397.4252    2
2013.5342   395.2075   398.8233   394.0573   397.6731    2
2013.6192   388.0692   398.1283   387.8621   397.9212    3
2013.7041   387.7000   397.4722   388.3884   398.1606    2
2013.7863   393.6038   398.8518   393.1357   398.3837    2
2013.8712   398.8801   399.3987   398.0858   398.6044    2
2013.9534   401.5748   399.0119   401.3709   398.8080    2
2014.0384   401.8994   398.0095   402.8984   399.0085    2
2014.1233   403.9692   399.4325   403.7360   399.1993    3
2014.2000   406.6731   401.6403   404.3959   399.3631    2
2014.2849   404.6243   399.4516   404.7080   399.5353    2
2014.3671   404.8652   399.5452   405.0147   399.6947    2
2014.4521   403.0882   399.9452   402.9975   399.8545    2
2014.5342   396.0862   399.7021   396.3908   400.0066    2
2014.6192   389.6592   399.7183   390.1044   400.1634    3
2014.7041   389.1013   398.8735   390.5499   400.3221    1
2014.7863   394.4880   399.7360   395.2309   400.4789    2
2014.8712   398.8926   399.4112   400.1263   400.6449    2
2014.9534   403.7084   401.1455   403.3713   400.8085    2
2015.0384   404.6562   400.7664   404.8687   400.9789    3
2015.1233   407.8780   403.3413   405.6858   401.1491    2
2015.2000   407.5901   402.5573   406.3343   401.3015    2
2015.2849   406.6803   401.5076   406.6418   401.4691    2
2015.3671   406.8787   401.5588   406.9518   401.6318    2
2015.4521   403.9838   400.8409   404.9457   401.8028    2
2015.5342   397.8040   401.4198   398.3570   401.9728    1
2015.6192   391.2671   401.3261   392.0951   402.1542    1
2015.7041   391.9458   401.7180   392.5700   402.3422    2
2015.7863   396.7177   401.9656   397.2827   402.5307    2
2015.8712   403.6528   404.1715   402.2133   402.7319    2
2015.9534   406.0505   403.4877   405.4952   402.9323    2
2016.0383   406.7779   402.8889   407.0346   403.1456    3
2016.1230   408.6585   404.1244   407.9001   403.3661    2
2016.2022   408.7363   403.6956   408.6208   403.5801    2
2016.2869   409.7671   404.5908   408.9949   403.8186    1
2016.3689   409.0326   403.7183   409.3752   404.0609    2
2016.4536   406.1063   403.0481   407.3835   404.3253    2
2016.5355   398.6858   402.4243   400.8577   404.5961    3
2016.6202   393.7479   403.8483   394.7903   404.8907    2
2016.7049   394.3845   404.1240   395.4577   405.1972    1
2016.7869   400.2613   405.4737   400.2881   405.5006    2
2016.8716   405.0791   405.5808   405.3141   405.8158    2
2016.9536   409.2047   406.6385   408.6834   406.1173    3
2017.0384   411.9836   408.0938   410.3096   406.4198    2
2017.1233   412.4289   407.8922   411.2448   406.7081    2
2017.2000   413.4341   408.4013   411.9858   406.9530    2
2017.2849   413.2269   408.0542   412.3778   407.2051    2
2017.3671   413.6251   408.3052   412.7502   407.4303    2
2017.4521   411.9210   408.7780   410.7879   407.6449    3
2017.5342   403.4021   407.0180   404.2217   407.8375    2
2017.6192   396.8576   406.9167   397.9654   408.0244    1
2017.7041   397.2352   407.0074   398.4303   408.2025    2
2017.7863   402.2102   407.4581   403.1209   408.3689    2
2017.8712   407.4250   407.9436   408.0170   408.5356    3
2017.9534   410.1148   407.5520   411.2550   408.6921    2
2018.0384   413.8643   409.9744   412.7380   408.8481    2
2018.1233   413.5085   408.9718   413.5333   408.9966    2
2018.2000   413.9867   408.9539   414.1559   409.1231    2
2018.2849   415.8346   410.6618   414.4265   409.2538    2
2018.3671   415.1445   409.8246   414.6904   409.3704    2
2018.4521   413.5284   410.3855   412.6240   409.4811    3
2018.5342   406.0814   409.6972   405.9643   409.5801    2
2018.6192   398.5305   408.5896   399.6176   409.6767    2
2018.7041   399.6361   409.4084   399.9977   409.7699    2
2018.7863   403.8051   409.0531   404.6108   409.8588    2
2018.8712   409.2882   409.8068   409.4318   409.9504    2
2018.9534     0.0000     0.0000   412.6018   410.0390    0
