Future	
2015.249991	71.80391829
2015.333324	72.07189841
2015.416658	72.33987854
2015.499991	72.60785867
2015.583324	72.87583879
2015.666658	73.14381892
2015.749991	73.41179904
2015.833324	73.67977917
2015.916658	73.9477593
2015.999991	74.21573942
2016.083324	74.48371955
2016.166658	74.75169968
2016.249991	75.0196798
2016.333324	75.28765993
2016.416658	75.55564005
2016.499991	75.82362018
2016.583324	76.09160031
2016.666658	76.35958043
2016.749991	76.62756056
2016.833324	76.89554069
2016.916658	77.16352081
2016.999991	77.43150094
2017.083324	77.69948106
2017.166658	77.96746119
2017.249991	78.23544132
2017.333324	78.50342144
2017.416658	78.77140157
2017.499991	79.0393817
2017.583324	79.30736182
2017.666658	79.57534195
2017.749991	79.84332207
2017.833324	80.1113022
2017.916658	80.37928233
2017.999991	80.64726245
2018.083324	80.91524258
2018.166658	81.18322271
2018.249991	81.45120283
2018.333324	81.71918296
2018.416658	81.98716308
2018.499991	82.25514321
2018.583324	82.52312334
2018.666658	82.79110346
2018.749991	83.05908359
2018.833324	83.32706372
2018.916658	83.59504384
2018.999991	83.86302397
2019.083324	84.13100409
2019.166658	84.39898422
2019.249991	84.66696435
2019.333324	84.93494447
2019.416658	85.2029246
2019.499991	85.47090473
2019.583324	85.73888485
2019.666658	86.00686498
2019.749991	86.27484511
2019.833324	86.54282523
2019.916658	86.81080536
2019.999991	87.07878548
2020.083324	87.34676561
2020.166658	87.61474574
2020.249991	87.88272586
2020.333324	88.15070599
2020.416658	88.41868612
2020.499991	88.68666624
2020.583324	88.95464637
2020.666658	89.22262649
2020.749991	89.49060662
2020.833324	89.75858675
2020.916658	90.02656687
2020.999991	90.294547
2021.083324	90.56252713
2021.166657	90.83050725
2021.249991	91.09848738
2021.333324	91.3664675
2021.416657	91.63444763
2021.499991	91.90242776
2021.583324	92.17040788
2021.666657	92.43838801
2021.749991	92.70636814
2021.833324	92.97434826
2021.916657	93.24232839
2021.999991	93.51030851
2022.083324	93.77828864
2022.166657	94.04626877
2022.249991	94.31424889
2022.333324	94.58222902
2022.416657	94.85020915
2022.499991	95.11818927
2022.583324	95.3861694
2022.666657	95.65414952
2022.749991	95.92212965
2022.833324	96.19010978
2022.916657	96.4580899
2022.999991	96.72607003
2023.083324	96.99405016
2023.166657	97.26203028
2023.249991	97.53001041
2023.333324	97.79799053
2023.416657	98.06597066
2023.499991	98.33395079
2023.583324	98.60193091
2023.666657	98.86991104
2023.749991	99.13789117
2023.833324	99.40587129
2023.916657	99.67385142
2023.999991	99.94183155
2024.083324	100.2098117
2024.166657	100.4777918
2024.249991	100.7457719
2024.333324	101.0137521
2024.416657	101.2817322
2024.499991	101.5497123
2024.583324	101.8176924
2024.666657	102.0856726
2024.749991	102.3536527
2024.833324	102.6216328
2024.916657	102.8896129
2024.999991	103.1575931
2025.083324	103.4255732
2025.166657	103.6935533
2025.249991	103.9615334
2025.333324	104.2295136
2025.416657	104.4974937
2025.499991	104.7654738
2025.583324	105.0334539
2025.666657	105.3014341
2025.749991	105.5694142
2025.833324	105.8373943
2025.916657	106.1053744
2025.999991	106.3733546
2026.083324	106.6413347
2026.166657	106.9093148
2026.249991	107.177295
2026.333324	107.4452751
2026.416657	107.7132552
2026.499991	107.9812353
2026.583324	108.2492155
2026.666657	108.5171956
2026.749991	108.7851757
2026.833324	109.0531558
2026.916657	109.321136
2026.999991	109.5891161
2027.083324	109.8570962
2027.166657	110.1250763
2027.249991	110.3930565
2027.333324	110.6610366
2027.416657	110.9290167
2027.49999	111.1969968
2027.583324	111.464977
2027.666657	111.7329571
2027.74999	112.0009372
2027.833324	112.2689174
2027.916657	112.5368975
2027.99999	112.8048776
2028.083324	113.0728577
2028.166657	113.3408379
2028.24999	113.608818
2028.333324	113.8767981
2028.416657	114.1447782
2028.49999	114.4127584
2028.583324	114.6807385
2028.666657	114.9487186
2028.74999	115.2166987
2028.833324	115.4846789
2028.916657	115.752659
2028.99999	116.0206391
2029.083324	116.2886192
2029.166657	116.5565994
2029.24999	116.8245795
2029.333324	117.0925596
2029.416657	117.3605398
2029.49999	117.6285199
2029.583324	117.8965
2029.666657	118.1644801
2029.74999	118.4324603
2029.833324	118.7004404
2029.916657	118.9684205
2029.99999	119.2364006
2030.083324	119.5043808
2030.166657	119.7723609
2030.24999	120.040341
2030.333324	120.3083211
2030.416657	120.5763013
2030.49999	120.8442814
2030.583324	121.1122615
2030.666657	121.3802416
2030.74999	121.6482218
2030.833324	121.9162019
2030.916657	122.184182
2030.99999	122.4521622
2031.083324	122.7201423
2031.166657	122.9881224
2031.24999	123.2561025
2031.333324	123.5240827
2031.416657	123.7920628
2031.49999	124.0600429
2031.583324	124.328023
2031.666657	124.5960032
2031.74999	124.8639833
2031.833324	125.1319634
2031.916657	125.3999435
2031.99999	125.6679237
2032.083324	125.9359038
2032.166657	126.2038839
2032.24999	126.471864
2032.333324	126.7398442
2032.416657	127.0078243
2032.49999	127.2758044
2032.583324	127.5437846
2032.666657	127.8117647
2032.74999	128.0797448
2032.833324	128.3477249
2032.916657	128.6157051
2032.99999	128.8836852
2033.083324	129.1516653
2033.166657	129.4196454
2033.24999	129.6876256
2033.333324	129.9556057
2033.416657	130.2235858
2033.49999	130.4915659
2033.583323	130.7595461
2033.666657	131.0275262
2033.74999	131.2955063
2033.833323	131.5634864
2033.916657	131.8314666
2033.99999	132.0994467
2034.083323	132.3674268
2034.166657	132.635407
2034.24999	132.9033871
2034.333323	133.1713672
2034.416657	133.4393473
2034.49999	133.7073275
2034.583323	133.9753076
2034.666657	134.2432877
2034.74999	134.5112678
2034.833323	134.779248
2034.916657	135.0472281
2034.99999	135.3152082
2035.083323	135.5831883
2035.166657	135.8511685
2035.24999	136.1191486
2035.333323	136.3871287
2035.416657	136.6551088
2035.49999	136.923089
2035.583323	137.1910691
2035.666657	137.4590492
2035.74999	137.7270293
2035.833323	137.9950095
2035.916657	138.2629896
2035.99999	138.5309697
2036.083323	138.7989499
2036.166657	139.06693
2036.24999	139.3349101
2036.333323	139.6028902
2036.416657	139.8708704
2036.49999	140.1388505
2036.583323	140.4068306
2036.666657	140.6748107
2036.74999	140.9427909
2036.833323	141.210771
2036.916657	141.4787511
2036.99999	141.7467312
2037.083323	142.0147114
2037.166657	142.2826915
2037.24999	142.5506716
2037.333323	142.8186517
2037.416657	143.0866319
2037.49999	143.354612
2037.583323	143.6225921
2037.666657	143.8905723
2037.74999	144.1585524
2037.833323	144.4265325
2037.916657	144.6945126
2037.99999	144.9624928
2038.083323	145.2304729
2038.166657	145.498453
2038.24999	145.7664331
2038.333323	146.0344133
2038.416657	146.3023934
2038.49999	146.5703735
2038.583323	146.8383536
2038.666657	147.1063338
2038.74999	147.3743139
2038.833323	147.642294
2038.916657	147.9102741
2038.99999	148.1782543
2039.083323	148.4462344
2039.166657	148.7142145
2039.24999	148.9821947
2039.333323	149.2501748
2039.416657	149.5181549
2039.49999	149.786135
2039.583323	150.0541152
2039.666657	150.3220953
2039.74999	150.5900754
2039.833323	150.8580555
2039.916656	151.1260357
2039.99999	151.3940158
2040.083323	151.6619959
2040.166656	151.929976
2040.24999	152.1979562
2040.333323	152.4659363
2040.416656	152.7339164
2040.49999	153.0018965
2040.583323	153.2698767
2040.666656	153.5378568
2040.74999	153.8058369
2040.833323	154.0738171
2040.916656	154.3417972
2040.99999	154.6097773
2041.083323	154.8777574
2041.166656	155.1457376
2041.24999	155.4137177
2041.333323	155.6816978
2041.416656	155.9496779
2041.49999	156.2176581
2041.583323	156.4856382
2041.666656	156.7536183
2041.74999	157.0215984
2041.833323	157.2895786
2041.916656	157.5575587
2041.99999	157.8255388
2042.083323	158.0935189
2042.166656	158.3614991
2042.24999	158.6294792
2042.333323	158.8974593
2042.416656	159.1654395
2042.49999	159.4334196
2042.583323	159.7013997
2042.666656	159.9693798
2042.74999	160.23736
2042.833323	160.5053401
2042.916656	160.7733202
2042.99999	161.0413003
2043.083323	161.3092805
2043.166656	161.5772606
2043.24999	161.8452407
2043.333323	162.1132208
2043.416656	162.381201
2043.49999	162.6491811
2043.583323	162.9171612
2043.666656	163.1851413
2043.74999	163.4531215
2043.833323	163.7211016
2043.916656	163.9890817
2043.99999	164.2570619
2044.083323	164.525042
2044.166656	164.7930221
2044.24999	165.0610022
2044.333323	165.3289824
2044.416656	165.5969625
2044.49999	165.8649426
2044.583323	166.1329227
2044.666656	166.4009029
2044.74999	166.668883
2044.833323	166.9368631
2044.916656	167.2048432
2044.99999	167.4728234
2045.083323	167.7408035
2045.166656	168.0087836
2045.24999	168.2767637
2045.333323	168.5447439
2045.416656	168.812724
2045.49999	169.0807041
2045.583323	169.3486843
2045.666656	169.6166644
2045.74999	169.8846445
2045.833323	170.1526246
2045.916656	170.4206048
2045.99999	170.6885849
2046.083323	170.956565
2046.166656	171.2245451
2046.249989	171.4925253
2046.333323	171.7605054
2046.416656	172.0284855
2046.499989	172.2964656
2046.583323	172.5644458
2046.666656	172.8324259
2046.749989	173.100406
2046.833323	173.3683861
2046.916656	173.6363663
2046.999989	173.9043464
2047.083323	174.1723265
2047.166656	174.4403066
2047.249989	174.7082868
2047.333323	174.9762669
2047.416656	175.244247
2047.499989	175.5122272
2047.583323	175.7802073
2047.666656	176.0481874
2047.749989	176.3161675
2047.833323	176.5841477
2047.916656	176.8521278
2047.999989	177.1201079
2048.083323	177.388088
2048.166656	177.6560682
2048.249989	177.9240483
2048.333323	178.1920284
2048.416656	178.4600085
2048.499989	178.7279887
2048.583323	178.9959688
2048.666656	179.2639489
2048.749989	179.531929
2048.833323	179.7999092
2048.916656	180.0678893
2048.999989	180.3358694
2049.083323	180.6038496
2049.166656	180.8718297
2049.249989	181.1398098
2049.333323	181.4077899
2049.416656	181.6757701
2049.499989	181.9437502
2049.583323	182.2117303
2049.666656	182.4797104
2049.749989	182.7476906
2049.833323	183.0156707
2049.916656	183.2836508
2049.999989	183.5516309