1989.0384 355.4081
1989.1233 355.4743
1989.2000 355.5340
1989.2849 355.6002
1989.3671 355.6642
1989.4521 355.7303
1989.5342 355.7943
1989.6192 355.8605
1989.7041 355.9266
1989.7863 355.9906
1989.8712 356.0567
1989.9534 356.1207
1990.0384 356.1866
1990.1233 356.2522
1990.2000 356.3113
1990.2849 356.3763
1990.3671 356.4390
1990.4521 356.5034
1990.5342 356.5654
1990.6192 356.6292
1990.7041 356.6927
1990.7863 356.7538
1990.8712 356.8166
1990.9534 356.8770
1991.0384 356.9390
1991.1233 357.0007
1991.2000 357.0561
1991.2849 357.1171
1991.3671 357.1757
1991.4521 357.2352
1991.5342 357.2904
1991.6192 357.3431
1991.7041 357.3901
1991.7863 357.4291
1991.8712 357.4625
1991.9534 357.4880
1992.0383 357.5078
1992.1230 357.5218
1992.2022 357.5310
1992.2869 357.5378
1992.3689 357.5421
1992.4536 357.5448
1992.5355 357.5467
1992.6202 357.5496
1992.7049 357.5557
1992.7869 357.5666
1992.8716 357.5847
1992.9536 357.6099
1993.0384 357.6440
1993.1233 357.6871
1993.2000 357.7341
1993.2849 357.7949
1993.3671 357.8619
1993.4521 357.9394
1993.5342 358.0223
1993.6192 358.1162
1993.7041 358.2185
1993.7863 358.3259
1993.8712 358.4464
1993.9534 358.5730
1994.0384 358.7138
1994.1233 358.8630
1994.2000 359.0031
1994.2849 359.1622
1994.3671 359.3190
1994.4521 359.4830
1994.5342 359.6422
1994.6192 359.8058
1994.7041 359.9678
1994.7863 360.1236
1994.8712 360.2848
1994.9534 360.4424
1995.0384 360.6087
1995.1233 360.7798
1995.2000 360.9387
1995.2849 361.1196
1995.3671 361.2991
1995.4521 361.4889
1995.5342 361.6752
1995.6192 361.8683
1995.7041 362.0602
1995.7863 362.2436
1995.8712 362.4305
1995.9534 362.6089
1996.0383 362.7906
1996.1230 362.9698
1996.2022 363.1352
1996.2869 363.3076
1996.3689 363.4671
1996.4536 363.6201
1996.5355 363.7521
1996.6202 363.8683
1996.7049 363.9646
1996.7869 364.0430
1996.8716 364.1144
1996.9536 364.1797
1997.0384 364.2487
1997.1233 364.3232
1997.2000 364.3982
1997.2849 364.4928
1997.3671 364.5978
1997.4521 364.7203
1997.5342 364.8517
1997.6192 364.9991
1997.7041 365.1565
1997.7863 365.3172
1997.8712 365.4921
1997.9534 365.6706
1998.0384 365.8649
1998.1233 366.0693
1998.2000 366.2615
1998.2849 366.4815
1998.3671 366.6997
1998.4521 366.9280
1998.5342 367.1486
1998.6192 367.3721
1998.7041 367.5875
1998.7863 367.7854
1998.8712 367.9778
1998.9534 368.1522
1999.0384 368.3214
1999.1233 368.4802
1999.2000 368.6153
1999.2849 368.7566
1999.3671 368.8857
1999.4521 369.0123
1999.5342 369.1292
1999.6192 369.2456
1999.7041 369.3590
1999.7863 369.4671
1999.8712 369.5781
1999.9534 369.6858
2000.0383 369.7983
2000.1230 369.9127
2000.2022 370.0218
2000.2869 370.1410
2000.3689 370.2588
2000.4536 370.3829
2000.5355 370.5052
2000.6202 370.6334
2000.7049 370.7629
2000.7869 370.8897
2000.8716 371.0231
2000.9536 371.1558
2001.0384 371.2976
2001.1233 371.4443
2001.2000 371.5807
2001.2849 371.7361
2001.3671 371.8899
2001.4521 372.0519
2001.5342 372.2114
2001.6192 372.3784
2001.7041 372.5465
2001.7863 372.7094
2001.8712 372.8773
2001.9534 373.0397
2002.0384 373.2093
2002.1233 373.3822
2002.2000 373.5419
2002.2849 373.7232
2002.3671 373.9032
2002.4521 374.0936
2002.5342 374.2818
2002.6192 374.4790
2002.7041 374.6785
2002.7863 374.8730
2002.8712 375.0756
2002.9534 375.2728
2003.0384 375.4771
2003.1233 375.6816
2003.2000 375.8662
2003.2849 376.0699
2003.3671 376.2652
2003.4521 376.4634
2003.5342 376.6504
2003.6192 376.8374
2003.7041 377.0167
2003.7863 377.1825
2003.8712 377.3462
2003.9534 377.4983
2004.0383 377.6504
2004.1230 377.7990
2004.2022 377.9362
2004.2869 378.0821
2004.3689 378.2231
2004.4536 378.3689
2004.5355 378.5106
2004.6202 378.6588
2004.7049 378.8111
2004.7869 378.9650
2004.8716 379.1325
2004.9536 379.3032
2005.0384 379.4885
2005.1233 379.6816
2005.2000 379.8619
2005.2849 380.0671
2005.3671 380.2702
2005.4521 380.4835
2005.5342 380.6924
2005.6192 380.9100
2005.7041 381.1287
2005.7863 381.3404
2005.8712 381.5585
2005.9534 381.7678
2006.0384 381.9820
2006.1233 382.1947
2006.2000 382.3852
2006.2849 382.5929
2006.3671 382.7882
2006.4521 382.9813
2006.5342 383.1576
2006.6192 383.3281
2006.7041 383.4870
2006.7863 383.6307
2006.8712 383.7699
2006.9534 383.8968
2007.0384 384.0216
2007.1233 384.1422
2007.2000 384.2503
2007.2849 384.3723
2007.3671 384.4959
2007.4521 384.6324
2007.5342 384.7752
2007.6192 384.9354
2007.7041 385.1089
2007.7863 385.2874
2007.8712 385.4792
2007.9534 385.6679
2008.0383 385.8618
2008.1230 386.0512
2008.2022 386.2222
2008.2869 386.3964
2008.3689 386.5557
2008.4536 386.7109
2008.5355 386.8529
2008.6202 386.9919
2008.7049 387.1236
2008.7869 387.2444
2008.8716 387.3624
2008.9536 387.4699
2009.0384 387.5746
2009.1233 387.6737
2009.2000 387.7601
2009.2849 387.8544
2009.3671 387.9462
2009.4521 388.0441
2009.5342 388.1446
2009.6192 388.2578
2009.7041 388.3835
2009.7863 388.5191
2009.8712 388.6745
2009.9534 388.8397
2010.0384 389.0242
2010.1233 389.2213
2010.2000 389.4085
2010.2849 389.6242
2010.3671 389.8385
2010.4521 390.0626
2010.5342 390.2793
2010.6192 390.5005
2010.7041 390.7153
2010.7863 390.9146
2010.8712 391.1108
2010.9534 391.2918
2011.0384 391.4712
2011.1233 391.6437
2011.2000 391.7940
2011.2849 391.9548
2011.3671 392.1060
2011.4521 392.2602
2011.5342 392.4099
2011.6192 392.5679
2011.7041 392.7317
2011.7863 392.8962
2011.8712 393.0715
2011.9534 393.2448
2012.0383 393.4265
2012.1230 393.6107
2012.2022 393.7868
2012.2869 393.9803
2012.3689 394.1742
2012.4536 394.3834
2012.5355 394.5971
2012.6202 394.8312
2012.7049 395.0780
2012.7869 395.3262
2012.8716 395.5895
2012.9536 395.8485
2013.0384 396.1186
2013.1233 396.3898
2013.2000 396.6345
2013.2849 396.9041
2013.3671 397.1626
2013.4521 397.4252
2013.5342 397.6731
2013.6192 397.9212
2013.7041 398.1606
2013.7863 398.3837
2013.8712 398.6044
2013.9534 398.8080
2014.0384 399.0085
2014.1233 399.1993
2014.2000 399.3631
2014.2849 399.5353
2014.3671 399.6947
2014.4521 399.8545
2014.5342 400.0066
2014.6192 400.1634
2014.7041 400.3221
2014.7863 400.4789
2014.8712 400.6449
2014.9534 400.8085
2015.0384 400.9789
2015.1233 401.1491
2015.2000 401.3015
2015.2849 401.4691
2015.3671 401.6318
2015.4521 401.8028
2015.5342 401.9728
2015.6192 402.1542
2015.7041 402.3422
2015.7863 402.5307
2015.8712 402.7319
2015.9534 402.9323
2016.0383 403.1456
2016.1230 403.3661
2016.2022 403.5801
2016.2869 403.8186
2016.3689 404.0609
2016.4536 404.3253
2016.5355 404.5961
2016.6202 404.8907
2016.7049 405.1972
2016.7869 405.5006
2016.8716 405.8158
2016.9536 406.1173
2017.0384 406.4198
2017.1233 406.7081
2017.2000 406.9530
2017.2849 407.2051
2017.3671 407.4303
2017.4521 407.6449
2017.5342 407.8375
2017.6192 408.0244
2017.7041 408.2025
2017.7863 408.3689
2017.8712 408.5356
2017.9534 408.6921
2018.0384 408.8481
2018.1233 408.9966
2018.2000 409.1231
2018.2849 409.2538
2018.3671 409.3704
2018.4521 409.4811
2018.5342 409.5801
2018.6192 409.6767
2018.7041 409.7699
2018.7863 409.8588
2018.8712 409.9504
2018.9534 410.0390
